0 0 0.0 0.0 0.0 0 0.0 0.0 0.0
0 0 0.0 0.0 0.0 0 0.0 0.0 0.0
0 0 0.0 0.0 0.0 0 0.0 0.0 0.0
0 70 -0.733 0.973 0.327 0 0.0 0.0 0.0
0 70 -0.733 0.973 0.327 0 0.0 0.0 0.0
0 70 -0.733 0.973 0.327 0 0.0 0.0 0.0
0 70 -0.733 0.973 0.327 0 0.0 0.0 0.0
16 70 -0.733 0.973 0.327 0 0.0 0.0 0.0
16 70 -0.733 0.973 0.327 0 0.0 0.0 0.0
32 70 -0.728 0.968 0.328 0 0.0 0.0 0.0
32 70 -0.728 0.968 0.328 0 0.0 0.0 0.0
32 70 -0.728 0.968 0.328 0 0.0 0.0 0.0
32 70 -0.727 0.965 0.328 0 0.0 0.0 0.0
110 70 -0.722 0.962 0.327 0 0.0 0.0 0.0
172 70 -0.718 0.955 0.328 0 0.0 0.0 0.0
250 70 -0.72 0.945 0.33 0 0.0 0.0 0.0
297 70 -0.717 0.941 0.333 0 0.0 0.0 0.0
375 70 -0.716 0.937 0.333 0 0.0 0.0 0.0
437 70 -0.712 0.935 0.335 0 0.0 0.0 0.0
500 70 -0.711 0.941 0.337 0 0.0 0.0 0.0
562 70 -0.711 0.94 0.339 0 0.0 0.0 0.0
624 70 -0.71 0.933 0.342 0 0.0 0.0 0.0
687 70 -0.708 0.931 0.344 0 0.0 0.0 0.0
765 70 -0.709 0.928 0.348 0 0.0 0.0 0.0
812 70 -0.709 0.927 0.349 0 0.0 0.0 0.0
890 70 -0.708 0.924 0.352 0 0.0 0.0 0.0
952 70 -0.705 0.921 0.354 0 0.0 0.0 0.0
1014 70 -0.704 0.932 0.356 0 0.0 0.0 0.0
1092 70 -0.704 0.935 0.357 0 0.0 0.0 0.0
1155 70 -0.701 0.946 0.36 0 0.0 0.0 0.0
1202 70 -0.698 0.945 0.363 0 0.0 0.0 0.0
1280 70 -0.697 0.941 0.364 0 0.0 0.0 0.0
1373 70 0.0 -0.0020 0.368 0 -1.933303 1.7920066 0.0
1451 70 -0.0010 -0.0030 0.369 0 -1.7569996 1.258518 0.0
1498 70 -0.01 -0.0030 0.372 0 -1.8954059 0.50964695 0.0
1592 70 -0.0080 0.0 0.374 0 -1.6595243 -0.9249896 0.0
1638 70 -0.018 -0.0020 0.375 0 -2.1767309 -0.7762562 0.0
1716 70 -0.017 -0.0010 0.377 0 -0.9042104 -0.6767798 0.0
1763 70 -0.011 -0.0030 0.379 0 0.26415995 -0.5016506 0.0
1841 70 -0.012 0.0 0.381 0 0.14318964 -0.51665884 0.0
1888 70 -0.0090 0.0040 0.388 0 1.7397535 -1.5551898 0.0
1966 70 0.011 0.017 0.327 0 3.2926583 -2.0920804 0.0
2028 70 0.012 0.015 0.297 0 6.6705313 -3.3119974 0.0
2091 70 0.019 0.012 0.33 0 8.562358 -3.9994493 0.0
2153 70 0.034 0.011 0.327 0 8.263978 -3.2923071 0.0
2216 70 0.049 0.017 0.318 0 9.398145 -3.9659328 0.0
2278 70 0.062 0.014 0.339 0 10.698085 -4.0415463 0.0
2434 70 0.068 0.012 0.33 0 5.95255 -2.1464872 0.0
2434 70 0.068 0.012 0.331 0 6.8133445 -3.7181854 0.0
2481 70 0.089 0.014 0.321 0 7.220819 -3.8778183 0.0
2559 70 0.114 0.018 0.341 0 5.7320013 -2.5701113 0.0
2606 70 0.106 0.0010 0.348 0 4.6966796 -1.1472163 0.0
2668 70 0.106 -0.0060 0.336 0 5.34101 -0.63507587 0.0
2746 70 0.142 0.0080 0.361 0 7.524132 -1.7336643 0.0
2793 70 0.136 -0.0080 0.383 0 7.7093263 -1.6359724 0.0
2871 70 0.166 0.027 0.397 0 6.842188 -2.3894846 0.0
2933 70 0.161 0.024 0.424 0 5.972402 -1.7062923 0.0
2996 70 0.157 0.024 0.431 0 6.4218163 -2.556914 0.0
3370 70 0.156 0.0070 0.419 0 5.4933763 -1.9761937 0.0
3370 70 0.176 0.012 0.408 0 5.5054293 -2.5645845 0.0
3370 70 0.197 -0.02 0.471 0 6.555863 -2.3250492 0.0
3370 70 0.21 -0.019 0.633 0 8.391033 -2.5487664 0.0
3432 70 0.254 -0.03 0.842 0 8.674377 -1.0404468 0.0
3448 70 0.26 0.073 1.224 0 6.977391 -4.988783 0.0
3526 70 0.352 0.047 1.654 0 10.670217 -10.851085 0.0
3573 70 0.328 -0.0080 2.17 0 6.731609 -9.8618355 0.0
3666 70 0.272 -0.067 2.339 0 3.1441677 -10.117675 0.0
3713 70 0.251 0.075 2.139 0 -0.8979511 -10.644755 0.0
3791 70 0.273 0.067 2.213 0 1.8762008 -20.698391 0.0
3838 70 0.1 0.068 2.3 0 -1.8187686 -17.336506 0.0
3916 70 0.293 -0.346 2.037 0 -4.1694436 -19.966509 0.0
3963 70 0.466 -0.482 1.748 0 -11.9624195 -14.833663 0.0
4041 70 0.086 -0.127 1.409 0 -8.929099 -1.5006983 0.0
4119 70 -0.48 -0.075 0.946 0 -3.224217 -1.6526214 0.0
4166 70 -1.103 -0.079 0.77 0 4.4835124 2.7285023 0.0
4228 70 -1.494 -0.031 0.804 0 13.417146 2.8445632 0.0
4306 70 -1.293 0.133 1.119 0 17.092175 1.3762201 0.0
4353 70 -0.41 0.557 1.508 0 12.793118 6.2834353 0.0
4446 70 0.845 0.284 1.681 0 1.5316643 5.0847993 0.0
4493 70 1.924 0.154 1.785 0 -6.894291 2.7557535 0.0
4571 70 2.174 0.193 1.857 0 -13.110044 1.4789895 0.0
4618 70 2.13 0.137 110.297 291 -19.949247 1.1868968 0.0
4696 70 2.115 0.332 110.256 334 -28.267056 -199.7774 0.0
4743 70 2.0 0.41 110.164 374 -28.301552 -195.26268 0.0
4836 70 1.689 0.424 110.044 426 -27.553293 -124.95892 0.0
4868 70 1.358 0.303 109.955 463 -22.470951 -147.3371 0.0
4946 70 1.135 0.167 109.904 480 -10.923008 -232.45477 0.0
5008 70 0.976 0.0010 109.874 505 -6.3570557 -353.94394 0.0
5117 70 0.893 -0.169 109.908 505 -6.435866 -398.79358 0.0
5226 70 0.692 -0.11 109.982 497 -6.4567842 -244.3831 0.0
5226 70 0.467 0.054 110.026 482 -1.5700591 -160.13126 0.0
5258 70 0.446 0.099 110.036 463 -2.0277724 -192.20528 0.0
5336 70 0.488 0.064 110.074 441 2.6237016 -180.08286 0.0
5398 70 0.522 0.183 110.049 417 -2.70818 -136.94688 0.0
5476 70 0.538 0.341 110.008 393 0.3457725 -94.023636 0.0
5585 70 0.634 0.433 109.937 367 -44.44581 -76.33179 0.0
5819 70 0.62 0.589 109.88 343 -8.638907 -83.79372 0.0
5819 70 0.519 0.685 109.785 319 -5.45 -42.220352 0.0
5819 70 0.386 0.464 109.689 298 -3.379406 -25.08629 0.0
5819 70 0.232 0.502 109.609 279 -1.1821417 -9.3185005 0.0
5850 70 0.133 0.413 109.542 263 -3.8356004 -1.9468924 0.0
5913 70 0.147 0.303 109.452 255 -2.9924073 2.8805282 0.0
5991 70 0.308 0.26 109.403 244 -5.6030397 6.828109 0.0
6147 70 0.543 0.35 109.346 240 -9.648045 9.677418 0.0
6162 70 0.448 0.27 109.325 234 -12.203973 10.519218 0.0
6194 70 0.198 0.239 109.282 235 -10.567657 5.267372 0.0
6240 70 0.0 0.026 109.217 227 -10.970673 6.946428 0.0
6303 70 -0.092 -0.419 109.232 232 -5.726088 38.382618 0.0
6428 70 0.0 -0.564 109.206 225 -24.776724 208.54366 0.0
6428 70 0.099 -0.28 109.174 237 -14.815901 274.7082 0.0
6646 70 0.204 -0.102 109.291 231 -30.921263 318.758 0.0
6646 70 0.108 -0.372 109.378 238 -51.04055 376.58813 0.0
6677 70 -0.204 -0.667 109.464 235 -54.562912 433.74612 0.0
6755 70 -0.697 -1.149 109.564 231 -39.921593 242.59355 0.0
6771 70 -1.082 -1.083 109.417 220 -10.750654 43.657288 0.0
6818 70 -1.423 -0.304 109.409 208 -5.688216 16.10231 0.0
6896 70 -1.375 -0.129 109.044 195 0.43827772 -1.2596793 0.0
6958 70 -1.419 -0.158 108.828 181 5.2044024 -8.109273 0.0
7020 70 -1.211 -0.059 108.767 235 14.643615 0.86231387 0.0
7083 70 -0.454 -0.173 108.581 227 6.7015266 -5.643335 0.0
7161 70 0.45 0.0 108.643 232 1.1139783 -0.08642271 0.0
7208 70 1.025 -0.059 108.877 229 -6.93487 5.0971375 0.0
7286 70 0.964 -0.215 109.051 215 -7.4007397 4.067833 0.0
7348 70 0.793 -0.089 109.12 203 -9.01715 1.5231367 0.0
7410 70 0.371 -0.144 109.097 191 20.555231 56.966663 0.0
7473 70 -0.352 0.067 109.0 229 96.452034 17.716984 0.0
7551 70 -0.66 -0.111 108.956 216 30.82953 -12.527623 0.0
7598 70 -0.75 -0.461 108.865 224 110.83921 -5.6921086 0.0
7691 70 -0.776 -0.692 108.838 209 32.25486 -2.3361235 0.0
7722 70 -0.499 -0.503 108.862 195 5.564063 2.7007444 0.0
7800 70 -0.113 -0.248 108.937 182 -2.2565494 4.7845273 0.0
7863 70 0.095 -0.364 108.856 162 -1.6024644 0.84090936 0.0
8034 70 0.264 -0.539 108.73 158 -2.5693045 -2.3562002 0.0
8034 70 0.015 -0.843 108.664 138 -4.8936167 -2.7547169 0.0
8081 70 0.043 -0.238 108.614 154 -1.4737293 -2.1197414 0.0
8112 70 0.257 0.193 108.743 182 34.206684 3.4544826 0.0
8190 70 0.456 0.266 108.967 182 -30.065186 4.294844 0.0
8268 70 0.13 0.536 109.357 191 -76.72281 10.984669 0.0
8331 70 -0.38 0.48 109.653 183 -23.366169 6.5928946 0.0
8378 70 -0.647 0.118 109.86 161 -9.332508 4.25183 0.0
8456 70 -0.653 0.201 109.907 137 -2.9780312 0.80129254 0.0
8502 70 -0.258 0.433 109.903 112 0.20611548 -1.2954112 0.0
8580 70 0.229 0.517 109.789 145 2.3795512 2.7930603 0.0
8643 70 0.651 0.389 109.649 124 -1.4226255 0.5401561 0.0
8721 70 0.851 0.101 109.363 152 -1.7792687 -2.183344 0.0
8768 70 0.972 -0.656 109.362 129 0.04863739 -3.8534741 0.0
8846 70 0.558 -0.726 109.315 179 -2.9051971 -6.2449465 0.0
8924 70 0.019 -0.503 109.298 177 -6.4842124 -3.5104566 0.0
8970 70 -0.216 0.088 109.256 175 3.6913218 28.008034 0.0
9033 70 0.037 0.56 109.204 173 5.3865714 42.02116 0.0
9095 70 0.458 0.497 109.239 167 2.432166 14.948899 0.0
9158 70 0.45 0.588 109.347 138 -0.068104744 3.7994018 0.0
9236 70 0.041 0.323 109.489 142 -6.1707745 4.1313233 0.0
9282 70 -0.339 -0.071 109.678 162 -0.6344551 3.4899888 0.0
9360 70 -0.347 -0.349 109.835 170 2.717576 2.663114 0.0
9423 70 -0.287 -0.397 109.897 140 3.8975885 -0.55168223 0.0
9501 70 -0.352 -0.395 109.986 133 2.8623383 2.2136855 0.0
9548 70 -0.128 -0.175 109.806 156 -2.6781287 0.33431637 0.0
9626 70 -0.191 0.154 109.684 148 -1.1867793 75.81424 0.0
9672 70 -0.342 0.171 109.509 158 -5.866251 76.820946 0.0
9750 70 -0.606 0.185 109.375 145 -3.8663044 7.5012665 0.0
9813 70 -0.835 -0.012 109.315 109 -11.002846 0.6604185 0.0
9875 70 -1.133 -0.197 109.182 140 -5.2458735 -0.27377856 0.0
9938 70 -1.425 -0.062 108.982 105 -5.1797876 -3.8950071 0.0
10016 70 -1.143 -0.0070 108.826 105 -0.93132496 -4.201609 0.0
10062 70 -0.585 0.262 108.644 67 -45.043205 -7.1707582 0.0
10140 70 -0.308 0.489 108.51 95 -24.985453 5.724261 0.0
10234 70 -0.823 0.385 108.419 105 -16.16774 7.20383 0.0
10265 70 -1.516 -0.173 108.422 67 -13.509433 13.434704 0.0
10328 70 -2.099 -0.68 108.279 27 -11.80183 31.069637 0.0
10406 70 -2.02 -0.881 108.217 127 0.17497253 25.747252 0.0
10452 70 -1.819 -0.486 108.375 92 -0.2607994 47.7899 0.0
10530 70 -0.972 0.047 108.473 136 4.275875 12.529024 0.0
10577 70 0.12 -0.032 108.583 136 11.029218 5.959414 0.0
10655 70 0.55 -0.235 108.625 128 6.191646 3.193295 0.0
10718 70 0.656 -0.498 108.709 142 6.9108744 0.06896591 0.0
10796 70 0.62 -0.523 108.957 101 9.356028 3.6383686 0.0
10858 70 0.643 -0.535 109.163 103 4.8212223 5.7808733 0.0
10920 70 0.441 -0.64 109.254 109 -3.5366864 12.824089 0.0
10967 70 0.09 0.127 109.413 107 -16.317522 -14.380975 0.0
11045 70 0.319 -0.065 109.574 66 -26.929981 -25.594334 0.0
11108 70 0.116 -0.111 109.719 121 -23.462414 -29.48478 0.0
11170 70 -0.098 0.247 109.858 118 -12.644124 -27.975212 0.0
11232 70 -0.045 0.44 109.893 135 -10.042385 -12.017448 0.0
11310 70 0.133 0.453 109.871 122 -4.625213 -36.784595 0.0
11357 70 0.233 0.317 109.902 81 -0.16667676 -30.196678 0.0
11435 70 0.049 0.058 109.799 94 5.6348877 -16.129591 0.0
11498 70 0.017 -0.036 109.503 99 3.240549 -19.691538 0.0
11560 70 -0.208 0.281 109.111 127 -11.527797 -12.2880945 0.0
11622 70 -0.174 0.543 108.711 117 -21.325788 -7.409734 0.0
11700 70 -0.147 0.262 108.306 75 -19.368628 -5.5892124 0.0
11747 70 -0.169 -0.0080 108.122 91 -21.517693 1.0785086 0.0
11825 70 -0.314 -0.166 108.063 51 -27.39129 5.809661 0.0
11888 70 -0.459 -0.093 108.217 7 -26.906307 13.7235985 0.0
11950 70 -0.807 -0.047 108.567 111 -10.736874 21.043274 0.0
12012 70 -1.459 0.067 109.106 116 -6.887737 40.850166 0.0
12090 70 -1.364 0.38 109.543 120 -8.850457 44.156704 0.0
12137 70 -0.813 0.544 109.959 143 -2.8929396 40.70888 0.0
12215 70 -0.354 0.449 110.622 131 2.195874 21.086338 0.0
12278 70 0.562 -0.255 111.201 91 22.03608 19.4356 0.0
12340 70 0.363 -0.202 111.753 93 37.627388 17.699842 0.0
12402 70 0.757 -0.556 112.214 89 16.664087 20.80231 0.0
12512 70 0.818 -0.949 112.622 46 9.983285 7.5910687 0.0
12527 70 0.22 -1.05 113.02 0 0.060695887 -5.9891434 0.0
12605 70 -0.298 -1.182 113.125 4294967250 -4.7171288 -7.817437 0.0
12668 70 -0.646 -1.32 113.039 61 -10.929561 -11.80356 0.0
12730 70 -1.059 -1.556 112.98 29 -13.955563 -0.36518478 0.0
12792 70 -1.203 -1.851 112.714 130 -51.55974 0.97487736 0.0
12870 70 -1.821 -2.019 112.254 97 -79.580215 2.3531456 0.0
12917 70 -2.119 -2.234 111.456 104 -86.384544 1.079298 0.0
12995 70 -1.864 -2.496 110.527 141 -83.3415 -2.0103397 0.0
13058 70 -0.884 -2.698 109.717 103 -151.52051 -87.100395 0.0
13120 70 -1.492 -2.926 106.938 100 -62.860783 -79.83021 0.0
13182 70 -2.051 -2.727 104.276 100 -67.204895 -40.160324 0.0
13260 70 -1.036 -1.457 103.392 105 -84.98349 -27.550198 0.0
13338 70 -0.063 -0.731 103.171 132 -88.53864 6.7415037 0.0
13385 70 0.953 -0.248 102.944 121 -104.87616 5.417408 0.0
13448 70 1.137 -0.024 102.96 107 -103.27072 0.7575537 0.0
13510 70 0.679 -0.125 101.109 99 -59.169807 24.798786 0.0
13572 70 0.488 -0.18 98.389 55 35.354206 35.755074 0.0
13650 70 0.875 -0.88 98.526 67 18.450245 63.95575 0.0
13697 70 1.034 -0.553 99.058 23 -0.867301 35.895573 0.0
13775 70 1.517 0.173 100.149 68 -1.5318623 10.835524 0.0
13822 70 1.729 0.523 101.209 124 -6.685878 17.78661 0.0
13900 70 1.43 0.617 102.225 88 -4.7520876 11.896748 0.0
13962 70 1.283 0.328 102.901 91 0.19108391 5.6165905 0.0
14025 70 1.454 0.45 103.535 49 1.3414707 0.72365 0.0
14087 70 1.612 0.896 104.582 3 0.49909592 3.519928 0.0
14165 70 1.218 1.427 105.92 69 -0.54514885 4.925318 0.0
14228 70 1.153 0.955 107.034 134 1.6447644 16.781273 0.0
14290 70 1.82 0.044 107.944 100 -1.1889534 3.4056938 0.0
14352 70 1.653 0.343 109.079 136 -6.7760735 2.395355 0.0
14415 70 0.279 1.143 110.17 98 -7.4867063 -7.1705003 0.0
14477 70 -1.152 1.122 108.855 127 10.079986 4.6656437 0.0
14571 70 -0.648 -0.251 108.366 86 2.3961177 33.26386 0.0
14602 70 -0.07 0.011 108.162 41 5.8500867 29.670301 0.0
14680 70 -0.633 0.46 108.49 4294967292 -0.8674426 24.27516 0.0
14742 70 -0.798 0.684 108.731 4294967245 -7.992749 9.394438 0.0
14805 70 -0.676 1.142 108.604 4294967200 -1.4104748 23.221653 0.0
14883 70 -0.624 1.301 108.764 39 -0.9972267 4.3761187 0.0
14992 70 -0.436 1.042 108.992 5 2.9241052 1.0326233 0.0
14992 70 -0.078 0.611 108.992 4294967263 4.8187056 -1.5341616 0.0
15070 70 0.199 0.61 109.161 4294967223 2.2975178 -4.161236 0.0
15132 70 0.393 1.29 109.245 74 -11.276898 6.602844 0.0
15226 70 0.524 1.774 109.43 150 -0.51121116 2.0783968 0.0
15257 70 0.552 1.799 109.588 146 -1.7087941 -0.5627632 0.0
15335 70 0.63 0.982 109.667 109 0.6952896 -1.6423864 0.0
15382 70 0.843 -0.047 109.79 143 1.3898172 1.2958755 0.0
15522 70 0.775 -0.299 110.104 103 -39.895264 5.1752934 0.0
15522 70 0.894 0.118 110.411 59 -77.68694 28.740671 0.0
15585 70 1.179 0.197 110.643 94 -52.493927 15.01943 0.0
15647 70 0.859 0.189 111.066 107 -69.06206 6.6408715 0.0
15725 70 0.377 -0.027 111.448 116 -75.39111 -5.3859954 0.0
15772 70 0.065 -0.197 111.645 144 -65.02978 -8.107185 0.0
15850 70 0.541 0.444 111.859 106 -29.13009 -12.472033 0.0
15912 70 1.361 0.65 112.092 111 -11.111903 -11.952181 0.0
15975 70 1.96 0.891 112.341 70 -11.122677 -11.409898 0.0
16037 70 1.605 1.227 112.623 25 -25.055958 -7.8418956 0.0
16115 70 1.199 1.307 112.802 117 -6.5461187 -4.982906 0.0
16193 70 1.064 1.094 112.81 118 -5.293083 -7.979067 0.0
16224 70 1.199 1.004 113.046 79 -2.7466679 -12.403436 0.0
16302 70 0.704 0.537 112.35 129 -4.3542576 -6.766182 0.0
16365 70 0.377 0.573 109.741 124 71.90758 -13.298464 0.0
16427 70 -0.207 -0.196 108.617 121 65.32472 -0.23139334 0.0
16490 70 -0.641 0.054 108.281 114 13.363978 -4.8237786 0.0
16568 70 -1.263 0.275 108.172 129 9.131471 -17.560444 0.0
16614 70 -1.791 0.27 108.088 139 -5.162506 0.46687293 0.0
16692 70 -2.778 0.092 107.881 123 -9.481485 -57.12774 0.0
16755 70 -3.371 -0.28 107.752 81 -69.11441 -12.601469 0.0
16817 70 -2.639 -0.481 107.735 94 -56.36935 1.368381 0.0
16880 70 -1.576 -0.576 107.57 53 -50.064392 8.089945 0.0
16958 70 -0.907 -0.413 107.676 113 -51.896927 1.9966009 0.0
17020 70 -1.096 -0.303 108.192 111 -43.850327 -36.989735 0.0
17082 70 -0.822 -0.507 108.608 71 -8.325268 -53.55358 0.0
17192 70 0.534 -0.573 108.805 27 10.945253 -36.084118 0.0
17207 70 1.573 -0.468 109.19 4294967278 9.222237 -19.50806 0.0
17270 70 1.913 -0.833 109.871 61 -1.2752991 -1.4705553 0.0
17348 70 1.088 -0.686 110.396 92 -4.6353893 2.901034 0.0
17394 70 0.356 -0.433 110.675 55 -6.2659836 3.6129727 0.0
17472 70 0.057 -0.084 111.033 14 -2.5290263 2.715232 0.0
17535 70 -0.272 0.43 111.254 4294967266 0.64810586 -0.5013895 0.0
17597 70 -0.522 1.08 110.232 114 10.669264 15.41519 0.0
17660 70 -0.833 0.476 109.637 77 1.0638027 52.138943 0.0
17738 70 -0.525 -0.107 109.418 102 5.3525805 60.12072 0.0
17784 70 0.319 -0.058 109.515 116 5.833948 54.802834 0.0
17862 70 0.928 0.229 109.584 124 5.6492352 11.839046 0.0
17925 70 1.568 0.0090 109.657 123 7.2944613 0.47872916 0.0
17987 70 2.008 -0.218 109.718 82 5.2234364 3.9715943 0.0
18050 70 1.688 0.034 109.824 93 -11.647474 0.5938064 0.0
18128 70 0.021 0.741 109.933 103 -49.246655 8.35177 0.0
18174 70 -0.073 0.34 110.055 61 -66.30745 27.76403 0.0
18284 70 -0.163 -0.144 110.042 15 -79.24574 31.462532 0.0
18299 70 0.11 -0.14 108.614 4294967266 -12.824844 -3.253274 0.0
18377 70 1.614 2.091 106.577 114 11.09017 -26.176842 0.0
18440 70 1.367 2.309 105.635 80 0.8319969 27.966282 0.0
18518 70 0.809 1.089 104.875 41 -31.027882 27.854 0.0
18564 70 0.018 -0.51 104.038 83 -40.242744 11.1908245 0.0
18642 70 -0.95 -1.653 103.613 96 -74.39974 4.593503 0.0
18767 70 -1.882 -2.368 103.692 54 -72.18638 10.318232 0.0
18767 70 -2.513 -2.37 104.098 10 -45.867542 13.521868 0.0
18830 70 -2.365 -1.8 104.435 78 -11.72106 5.1282196 0.0
18892 70 -1.53 -1.424 104.767 101 -53.152313 6.680354 0.0
18954 70 -0.802 -0.763 105.17 115 -71.98844 6.4883804 0.0
19032 70 0.067 -0.085 105.752 114 -84.94734 7.1394405 0.0
19079 70 1.23 0.119 106.284 72 -65.7475 11.322756 0.0
19157 70 2.676 -0.11 106.898 28 -37.306843 17.57977 0.0
19220 70 2.775 0.205 107.648 84 -24.184252 8.955662 0.0
19298 70 1.592 0.873 108.302 105 -64.65598 10.505648 0.0
19344 70 0.295 1.169 108.808 66 -74.5123 8.12778 0.0
19422 70 -0.408 0.451 108.994 132 -73.745 19.061047 0.0
19469 70 -0.183 0.415 109.339 95 -49.456787 33.913063 0.0
19547 70 -0.219 0.713 109.973 52 -36.005672 17.402199 0.0
19610 70 0.411 1.587 107.788 7 34.519466 -36.63499 0.0
19672 70 0.771 2.258 106.134 110 -23.119589 -19.783323 0.0
19734 70 -0.143 1.084 105.33 121 -63.398773 -12.549284 0.0
19812 70 -1.057 -0.215 104.891 120 -84.311874 -8.607988 0.0
19859 70 -1.636 -0.926 104.359 80 -79.88759 -5.9423523 0.0
19937 70 -2.543 -1.617 104.031 111 -50.30134 -10.960151 0.0
20000 70 -2.539 -2.035 104.301 134 -52.07512 -11.265009 0.0
20062 70 -2.035 -1.525 104.795 156 -66.56759 -6.579333 0.0
20187 70 -0.73 -1.097 105.398 148 -93.13439 1.3704377 0.0
20218 70 0.307 -0.505 106.119 168 -41.151142 10.074156 0.0
20249 70 1.285 0.388 106.888 159 -12.433715 16.155697 0.0
20343 70 1.952 1.455 107.604 182 -11.769992 21.510124 0.0
20421 70 2.264 1.579 108.262 195 -13.138929 24.562786 0.0
20468 70 2.707 0.84 108.761 211 -16.44741 15.698364 0.0
20514 70 2.957 -0.108 109.164 200 -15.4154625 8.507889 0.0
20592 70 3.07 -0.602 109.586 202 110.65957 2.122874 0.0
20639 70 2.914 -0.326 109.983 200 63.820526 1.6047856 0.0
20717 70 2.703 0.189 110.312 194 6.6215515 5.0189023 0.0
20780 69 2.499 0.04 110.505 202 -6.4248905 6.6065326 0.0
20842 69 1.883 -0.519 110.685 195 -11.382554 0.47949076 0.0
20904 69 1.24 -1.276 110.898 191 -4.3845744 -1.0739608 0.0
20982 69 1.086 -1.476 111.126 197 -7.3783293 -3.764381 0.0
21029 69 0.026 -0.971 111.286 176 -32.477566 -4.450682 0.0
21107 69 -1.273 -0.421 111.499 187 -106.708496 -2.7041647 0.0
21154 69 -2.07 -0.251 111.494 165 -117.79064 -0.70418084 0.0
21232 69 -1.547 -0.553 111.346 161 -73.51142 15.101898 0.0
21294 69 0.101 0.377 111.314 136 24.653946 71.24772 0.0
21357 69 -1.196 -0.194 110.815 110 11.892804 46.386635 0.0
21419 69 -1.288 -1.239 110.682 84 -4.5724664 -47.8523 0.0
21497 69 -1.074 -0.725 110.768 143 -4.643847 -30.25117 0.0
21544 69 -1.383 -0.054 110.974 165 -5.373184 -3.3810084 0.0
21622 69 -0.936 0.066 110.778 144 -1.3185287 -2.7561562 0.0
21731 69 0.24 -0.796 110.384 120 6.2174125 -1.0621338 0.0
21762 69 1.347 -1.644 109.821 93 5.4356117 -7.934903 0.0
21809 69 2.081 -1.828 109.264 174 -1.8849316 -17.845972 0.0
21887 69 3.055 -1.768 108.587 174 -4.4206963 -16.565105 0.0
21934 69 4.409 -1.32 107.688 184 -5.5576324 -13.432544 0.0
22012 69 4.52 -0.413 106.865 173 76.66053 150.67192 0.0
22074 69 3.511 1.653 105.888 144 20.86386 58.720673 0.0
22137 69 2.566 2.724 105.467 149 -7.7163715 8.566849 0.0
22215 69 1.413 2.024 105.075 119 -12.70161 82.69505 0.0
22277 69 -0.926 0.237 104.704 87 -18.12485 4.165614 0.0
22324 69 -0.567 -0.288 104.596 117 21.81343 -75.089005 0.0
22402 69 -0.526 -0.0040 104.832 86 11.783419 -65.972946 0.0
22464 69 -1.024 -0.077 105.185 53 7.0366106 -34.092552 0.0
22527 69 -0.924 0.107 105.477 111 -1.193584 -20.142408 0.0
22589 69 -0.863 0.61 105.554 138 -3.4265716 -78.17226 0.0
22667 69 -0.806 0.745 105.667 144 -2.9591987 -44.146244 0.0
22714 69 -0.448 0.745 105.819 112 -9.248903 -16.018047 0.0
22792 69 -0.337 1.254 106.057 122 62.726963 -21.417084 0.0
22917 69 -0.646 1.724 106.638 158 82.78062 -5.486413 0.0
22917 69 -0.624 1.548 107.194 150 99.59397 -14.166188 0.0
22979 69 -0.552 0.654 107.833 138 97.2411 43.877354 0.0
23057 69 -1.21 0.162 108.846 102 83.98765 44.8739 0.0
23104 69 -1.462 0.188 109.762 114 62.709354 -17.897987 0.0
23182 69 -0.72 0.278 110.477 115 79.77867 -71.28118 0.0
23244 69 0.445 0.165 110.972 77 72.86189 -70.35487 0.0
23322 69 0.828 0.184 111.53 37 46.696686 -54.437935 0.0
23369 69 0.438 0.485 112.084 95 12.732209 -27.157606 0.0
23447 69 -0.241 0.997 112.724 117 -44.49721 -82.00381 0.0
23494 69 -0.67 1.363 113.281 82 -40.271748 -74.56265 0.0
23572 69 -0.576 1.151 113.652 143 -12.196062 -67.68537 0.0
23634 69 -0.129 0.911 113.969 109 -8.678993 -65.66135 0.0
23697 69 0.194 0.496 114.344 121 -2.5887196 -17.983217 0.0
23759 69 -0.03 0.299 114.783 121 -1.4670866 -3.4298103 0.0
23837 69 -0.038 0.179 115.05 113 -1.4949783 -0.89364815 0.0
23884 69 -0.214 0.192 115.142 108 0.6384585 -8.880267 0.0
23962 69 -0.113 0.0090 115.292 65 4.3274565 -7.5709267 0.0
24009 69 -0.059 -0.079 115.322 19 0.26455855 -4.6376467 0.0
24118 69 -0.387 0.33 115.377 4294967269 -0.099665165 -6.8527355 0.0
24149 69 -0.668 0.881 115.28 4294967223 -1.819788 -4.2707624 0.0
24227 69 -0.784 0.713 115.106 4294967179 0.2997713 -1.8585572 0.0
24274 69 -0.609 0.232 114.93 4294967137 2.4232903 6.4837074 0.0
24352 69 -0.489 -0.051 114.647 4294967099 0.76558876 2.7869818 0.0
24399 69 -0.657 -0.271 114.45 4294967064 -139.5446 73.08378 0.0
24477 69 -1.003 0.057 114.214 4294967032 -122.870026 44.912586 0.0
24555 69 -1.264 0.11 114.004 4294967005 -27.114815 14.950196 0.0
24633 69 -1.31 -0.07 113.83 159 6.581926 4.831893 0.0
24664 69 -0.795 -0.339 113.654 181 50.33601 -15.668181 0.0
24758 69 -0.498 -0.351 113.429 197 1.9113979 -5.8020306 0.0
24789 69 -0.438 -0.303 113.222 184 1.0647299 -3.468757 0.0
24867 69 -0.498 -0.31 112.995 180 2.0037832 -2.7703867 0.0
24929 69 -0.675 -0.176 112.789 164 -1.145822 -1.7299428 0.0
25007 69 -0.52 0.045 112.612 146 -0.698329 -0.04755512 0.0
25054 69 -0.376 -0.361 112.343 104 -1.4434202 2.7656674 0.0
25132 69 -0.09 -1.584 112.027 103 -0.04867512 2.9867811 0.0
25179 69 -0.251 -2.623 111.66 60 -3.8155487 5.1836395 0.0
25257 69 -0.501 -2.79 111.433 124 -4.9552197 -4.0490627 0.0
25335 69 -0.601 -1.974 111.393 86 15.270836 25.569122 0.0
25397 69 -0.417 -0.207 111.568 127 11.770651 58.961613 0.0
25444 69 -1.065 0.492 111.492 88 -6.066348 78.2604 0.0
25522 69 -1.305 0.534 111.579 99 -2.2616282 -31.924503 0.0
25569 69 -0.274 0.584 111.969 131 7.2091045 -40.67023 0.0
25647 69 1.058 0.478 112.461 145 89.674355 -142.36198 0.0
25709 69 2.117 -0.022 112.811 131 106.84473 -123.07565 0.0
25772 69 2.618 -0.546 113.017 90 101.74032 -76.44641 0.0
25834 69 2.634 -0.637 112.953 45 69.35223 -20.363743 0.0
25912 69 1.902 -0.78 112.935 75 35.742683 -6.7270393 0.0
25959 69 0.968 -0.235 112.751 87 53.55529 -7.926386 0.0
26037 69 0.448 0.247 112.448 46 54.69666 -14.430866 0.0
26099 69 0.381 0.061 112.327 115 58.709003 -33.6208 0.0
26162 69 -0.497 0.789 112.182 77 60.511467 -11.558286 0.0
26224 69 -0.03 0.135 112.039 34 52.9906 42.300224 0.0
26302 69 0.702 0.896 112.135 4294967285 27.846392 3.6345415 0.0
26349 69 2.862 0.073 111.231 4294967239 109.1669 166.28477 0.0
26427 69 4.323 -0.491 110.78 4294967194 30.872797 76.75778 0.0
26489 69 3.457 -0.37 110.72 44 -19.60508 13.281538 0.0
26552 69 2.145 -0.292 110.544 9 -32.099083 -25.726587 0.0
26645 69 1.124 -0.427 110.426 78 -63.58674 -54.54939 0.0
26692 69 0.527 -0.995 110.477 108 -82.11886 -16.663216 0.0
26739 69 -0.069 -1.56 110.374 70 -97.10711 30.316605 0.0
26817 69 -1.066 -1.53 110.145 27 -71.653564 13.872602 0.0
26864 69 -0.402 -0.16 109.479 83 -46.65607 11.093714 0.0
26942 69 -1.311 -0.334 109.097 136 -87.7899 11.369596 0.0
27004 69 -1.444 -0.874 108.818 97 -113.96278 -9.087595 0.0
27082 69 -1.468 -0.594 108.58 106 -102.946724 -2.0463963 0.0
27129 69 -1.28 -0.326 108.152 114 -85.85598 -25.567913 0.0
27207 69 -1.078 -0.278 107.706 142 -73.365135 -41.343544 0.0
27254 69 -1.121 0.064 107.565 102 -58.951447 -75.69151 0.0
27332 69 -0.898 0.459 107.649 59 -35.601562 -44.90058 0.0
27394 69 -0.952 0.704 107.773 12 -25.30008 -12.599441 0.0
27472 69 -1.1 0.805 108.208 68 -28.591385 1.6258712 0.0
27519 69 -1.777 1.095 108.745 90 -70.78414 0.64806366 0.0
27597 69 -2.041 1.312 109.253 105 -80.65249 9.517827 0.0
27644 69 -1.808 1.124 109.522 105 -104.602325 100.96891 0.0
27722 69 -1.676 0.73 109.881 139 -134.3986 177.65279 0.0
27784 69 -1.945 0.534 110.478 100 -132.93181 176.18242 0.0
27862 69 -2.308 0.942 111.278 57 -73.93927 84.923004 0.0
27909 69 -1.855 0.832 111.996 79 -53.09456 58.13635 0.0
27987 69 -1.003 0.017 112.586 97 -21.039555 36.093384 0.0
28034 69 -0.184 -0.418 112.962 56 4.258341 29.645943 0.0
28112 69 -0.581 0.07 113.373 84 16.923315 7.7853565 0.0
28174 69 -0.27 0.099 113.5 92 11.113311 0.14167774 0.0
28252 69 -0.281 -0.483 113.372 109 2.7115324 -2.591761 0.0
28377 69 0.188 -0.207 113.099 113 -0.9891381 -7.928316 0.0
28377 69 0.339 0.013 112.837 117 -4.3121195 -16.201212 0.0
28424 69 0.264 0.046 112.608 76 -0.18465066 -15.689215 0.0
28502 69 0.032 0.235 112.725 93 -0.5911871 -22.916643 0.0
28564 69 -0.281 0.554 112.994 107 -0.22561073 -32.69497 0.0
28626 69 -0.115 1.083 113.223 109 1.1265979 -10.467927 0.0
28689 69 -0.163 0.535 113.035 68 -8.289206 30.921288 0.0
28798 68 -0.285 0.501 112.94 24 -3.3028202 4.1644244 0.0
28814 68 -0.297 1.15 112.953 70 -14.312438 -13.31037 0.0
28892 68 0.1 1.58 113.14 127 -67.867935 -17.47282 0.0
28954 68 0.0030 1.62 113.369 123 -112.662155 17.138351 0.0
29016 68 0.034 1.16 113.788 137 -100.699455 41.454376 0.0
29079 68 -0.572 0.289 113.789 98 -90.55792 34.229614 0.0
29157 68 -0.486 0.263 113.805 54 -71.586044 -12.991481 0.0
29204 68 0.201 0.341 113.399 8 9.06442 51.881287 0.0
29282 68 1.374 -0.411 112.922 58 -21.267052 22.05526 0.0
29344 68 1.223 -0.204 112.679 18 -12.012587 -8.301884 0.0
29406 68 1.263 -0.19 112.462 66 -35.89477 -33.08422 0.0
29469 68 1.559 -0.037 112.553 27 -34.596382 -20.438148 0.0
29547 68 1.496 0.028 113.052 4294967281 -11.374187 -12.799402 0.0
29594 68 1.298 0.024 113.444 79 11.006874 -18.79335 0.0
29672 68 1.042 0.387 114.071 110 -46.07985 -6.0628476 0.0
29734 68 0.611 0.527 114.473 75 -62.791492 9.81127 0.0
29796 68 0.031 0.984 114.708 34 -29.799803 -4.0824733 0.0
29859 68 -0.104 1.0 114.872 4294967287 -9.740654 -7.7911386 0.0
29937 68 0.108 0.556 114.951 84 -6.034316 -7.020747 0.0
29984 68 0.056 0.234 113.647 48 15.664721 22.513506 0.0
30062 68 0.33 0.096 112.611 87 20.131657 -39.570553 0.0
30108 68 0.236 0.75 112.243 46 41.005016 -57.056923 0.0
30186 68 -0.48 1.003 112.131 92 26.3123 -18.757473 0.0
30249 68 -0.561 0.719 111.985 104 64.309586 -45.211224 0.0
30327 68 -0.073 -0.398 112.118 144 67.89257 6.952075 0.0
30374 68 -0.01 -0.387 112.43 105 43.067234 46.201084 0.0
30452 68 -0.283 0.038 112.751 113 8.566341 1.7875896 0.0
30498 68 -0.501 -0.235 113.164 111 -0.93656826 -6.9905005 0.0
30608 68 -0.865 -0.374 113.743 112 -15.632351 46.68919 0.0
30654 68 -0.692 -0.112 112.845 106 10.207069 74.32844 0.0
30717 68 0.079 -0.627 112.166 62 16.397715 16.73041 0.0
30764 68 0.808 -0.514 111.916 16 0.008115768 1.7854953 0.0
30842 68 1.191 -0.318 111.747 4294967266 -2.6360168 -1.7151523 0.0
30888 68 0.645 0.179 111.434 4294967220 16.977917 -4.8579893 0.0
30966 68 -0.187 0.59 111.289 4294967175 10.655983 31.872866 0.0
31029 68 -0.943 0.549 111.1 4294967133 -2.2419205 77.4241 0.0
31091 68 -0.474 -0.163 110.583 38 4.4796786 11.561314 0.0
31154 68 0.106 -2.093 109.987 101 32.421795 -6.489628 0.0
31232 68 -0.221 -2.452 109.482 126 31.825777 -1.7464428 0.0
31278 68 -0.867 -1.551 108.963 156 80.30873 -10.895728 0.0
31356 68 -0.665 -0.924 108.385 165 -17.624554 30.313736 0.0
31419 68 -0.243 -0.782 107.46 146 3.782345 -6.2448874 0.0
31497 68 -0.337 1.623 106.754 152 7.397211 -10.110077 0.0
31559 68 0.509 2.235 106.154 136 53.989254 25.447914 0.0
31622 68 1.301 0.787 105.252 116 91.55711 79.39555 0.0
31684 68 0.254 0.162 104.659 0 0.0 0.0 0.0
31762 68 -0.493 0.115 104.684 0 0.0 0.0 0.0
31809 68 -0.563 0.093 104.675 0 0.0 0.0 0.0
31902 68 -0.511 0.026 104.686 0 0.0 0.0 0.0
31949 68 -0.555 0.024 104.69 0 0.0 0.0 0.0
32012 68 -0.541 0.034 104.692 0 0.0 0.0 0.0
32074 68 -0.55 0.041 104.694 0 0.0 0.0 0.0
32152 68 -0.542 0.035 104.695 0 0.0 0.0 0.0
32199 68 -0.531 0.024 104.688 0 0.0 0.0 0.0
32277 68 -0.533 0.019 104.695 0 0.0 0.0 0.0
32339 68 -0.541 0.021 104.698 0 0.0 0.0 0.0
32402 68 -0.539 0.015 104.7 0 0.0 0.0 0.0
32464 68 -0.546 0.014 104.702 0 0.0 0.0 0.0
32542 68 -0.558 0.016 104.704 0 0.0 0.0 0.0
32589 68 -0.571 0.016 104.707 0 0.0 0.0 0.0
32667 68 -0.589 0.0050 104.709 0 0.0 0.0 0.0
32729 68 -0.596 0.0010 104.712 0 0.0 0.0 0.0
32792 62 -0.614 0.0 104.713 0 0.0 0.0 0.0
32854 62 -0.617 0.0 104.716 0 0.0 0.0 0.0
32932 62 -0.619 -0.0010 104.72 0 0.0 0.0 0.0
32979 62 -0.636 -0.0040 104.722 0 0.0 0.0 0.0
33057 62 -0.644 -0.0020 104.724 0 0.0 0.0 0.0
33104 62 -0.649 -0.0010 104.727 0 0.0 0.0 0.0
33182 62 -0.655 0.0010 104.731 0 0.0 0.0 0.0
33260 62 -0.656 0.0020 104.734 0 0.0 0.0 0.0
33322 62 -0.659 0.0030 104.736 0 0.0 0.0 0.0
33369 62 -0.659 -0.0010 104.739 0 0.0 0.0 0.0
33447 62 -0.664 0.0 104.738 0 0.0 0.0 0.0
33494 62 -0.667 0.0010 104.742 0 0.0 0.0 0.0
33572 62 -0.675 0.0010 104.744 0 0.0 0.0 0.0
33634 62 -0.677 -0.0020 104.745 0 0.0 0.0 0.0
33696 62 -0.677 -0.0030 104.749 0 0.0 0.0 0.0
33759 62 -0.676 -0.0010 104.751 0 0.0 0.0 0.0
33837 56 -0.685 -0.0020 104.755 0 0.0 0.0 0.0
33884 56 -0.698 -0.0010 104.76 0 0.0 0.0 0.0
33962 56 -0.702 0.0020 104.762 0 0.0 0.0 0.0
34024 56 -0.708 0.0010 104.762 0 0.0 0.0 0.0
34086 56 -0.708 0.0030 104.764 0 0.0 0.0 0.0
34149 56 -0.718 0.0030 104.768 0 0.0 0.0 0.0
34227 56 -0.718 0.0 104.77 0 0.0 0.0 0.0
34274 56 -0.72 0.0 104.773 0 0.0 0.0 0.0
34352 56 -0.721 0.0 104.774 0 0.0 0.0 0.0
34414 56 -0.725 0.0030 104.775 0 0.0 0.0 0.0
34476 56 -0.726 0.0040 104.777 0 0.0 0.0 0.0
34539 56 -0.724 0.0030 104.778 0 0.0 0.0 0.0
34617 56 -0.724 0.0050 104.781 0 0.0 0.0 0.0
34679 56 -0.725 -0.0010 104.783 0 0.0 0.0 0.0
34742 56 -0.733 -0.01 104.784 0 0.0 0.0 0.0
34804 56 -0.739 -0.011 104.786 0 0.0 0.0 0.0
34866 56 -0.739 -0.01 104.787 0 0.0 0.0 0.0
34929 56 -0.75 -0.0090 104.789 0 0.0 0.0 0.0
35007 56 -0.755 -0.0080 104.792 0 0.0 0.0 0.0
35054 56 -0.766 -0.0060 104.795 0 0.0 0.0 0.0
35132 56 -0.772 -0.0030 104.796 0 0.0 0.0 0.0
35194 56 -0.774 -0.0020 104.796 0 0.0 0.0 0.0
35256 56 -0.78 0.0 104.797 0 0.0 0.0 0.0
35319 56 -0.784 -0.0040 104.8 0 0.0 0.0 0.0
35397 56 -0.8 -0.0070 104.804 0 0.0 0.0 0.0
35444 56 -0.798 -0.011 104.807 0 0.0 0.0 0.0
35522 56 -0.796 -0.013 104.811 0 0.0 0.0 0.0
35584 56 -0.793 -0.013 104.813 0 0.0 0.0 0.0
35646 56 -0.791 -0.012 104.816 0 0.0 0.0 0.0
35709 56 -0.79 -0.011 104.819 0 0.0 0.0 0.0
35787 56 -0.788 -0.01 104.823 0 0.0 0.0 0.0
35834 56 -0.786 -0.015 104.826 0 0.0 0.0 0.0
35912 56 -0.785 -0.013 104.829 0 0.0 0.0 0.0
35974 56 -0.786 -0.012 104.833 0 0.0 0.0 0.0
36036 56 -0.786 -0.019 104.836 0 0.0 0.0 0.0
36099 56 -0.788 -0.026 104.839 0 0.0 0.0 0.0
36177 56 -0.786 -0.038 104.84 0 0.0 0.0 0.0
36239 56 -0.79 -0.039 104.843 0 0.0 0.0 0.0
36302 56 -0.791 -0.037 104.845 0 0.0 0.0 0.0
36348 56 -0.79 -0.036 104.848 0 0.0 0.0 0.0
36426 56 -0.788 -0.039 104.851 0 0.0 0.0 0.0
36489 56 -0.787 -0.041 104.854 0 0.0 0.0 0.0
36551 56 -0.786 -0.038 104.856 0 0.0 0.0 0.0
36614 56 -0.785 -0.04 104.857 0 0.0 0.0 0.0
36692 56 -0.79 -0.04 104.859 0 0.0 0.0 0.0
36738 56 -0.786 -0.052 104.86 0 0.0 0.0 0.0
36816 56 -0.782 -0.056 104.863 0 0.0 0.0 0.0
36879 56 -0.779 -0.064 104.866 0 0.0 0.0 0.0
36941 56 -0.787 -0.061 104.869 0 0.0 0.0 0.0
37004 56 -0.784 -0.058 104.87 0 0.0 0.0 0.0
37082 56 -0.785 -0.065 104.874 0 0.0 0.0 0.0
37128 56 -0.786 -0.066 104.874 0 0.0 0.0 0.0
37206 56 -0.793 -0.079 104.879 0 0.0 0.0 0.0
37269 56 -0.798 -0.075 104.882 0 0.0 0.0 0.0
37331 56 -0.796 -0.071 104.885 0 0.0 0.0 0.0
37394 56 -0.791 -0.068 104.887 0 0.0 0.0 0.0
37472 56 -0.79 -0.069 104.89 0 0.0 0.0 0.0
37518 56 -0.802 -0.066 104.891 0 0.0 0.0 0.0
37596 56 -0.801 -0.068 104.894 0 0.0 0.0 0.0
37659 56 -0.797 -0.065 104.897 0 0.0 0.0 0.0
37721 56 -0.792 -0.064 104.898 0 0.0 0.0 0.0
37784 56 -0.789 -0.061 104.902 0 0.0 0.0 0.0
37862 56 -0.787 -0.056 104.904 0 0.0 0.0 0.0
37908 56 -0.786 -0.052 104.904 0 0.0 0.0 0.0
37986 56 -0.782 -0.047 104.906 0 0.0 0.0 0.0
38049 56 -0.792 -0.042 104.908 0 0.0 0.0 0.0
38111 56 -0.799 -0.039 104.91 0 0.0 0.0 0.0
38174 56 -0.804 -0.049 104.912 0 0.0 0.0 0.0
38252 56 -0.805 -0.054 104.916 0 0.0 0.0 0.0
38298 56 -0.804 -0.055 104.917 0 0.0 0.0 0.0
38376 56 -0.805 -0.05 104.92 0 0.0 0.0 0.0
38439 56 -0.808 -0.048 104.923 0 0.0 0.0 0.0
38501 56 -0.808 -0.051 104.923 0 0.0 0.0 0.0
38564 56 -0.812 -0.051 104.927 0 0.0 0.0 0.0
38642 56 -0.809 -0.049 104.928 0 0.0 0.0 0.0
38688 56 -0.821 -0.042 104.932 0 0.0 0.0 0.0
38766 56 -0.834 -0.043 104.937 0 0.0 0.0 0.0
38813 56 -0.831 -0.046 104.939 0 0.0 0.0 0.0
38891 56 -0.826 -0.046 104.941 0 0.0 0.0 0.0
38954 56 -0.82 -0.047 104.942 0 0.0 0.0 0.0
39032 56 -0.828 -0.045 104.943 0 0.0 0.0 0.0
39078 56 -0.823 -0.042 104.948 0 0.0 0.0 0.0
39156 56 -0.82 -0.041 104.951 0 0.0 0.0 0.0
39219 56 -0.829 -0.039 104.954 0 0.0 0.0 0.0
39281 56 -0.823 -0.036 104.957 0 0.0 0.0 0.0
39344 56 -0.821 -0.033 104.961 0 0.0 0.0 0.0
39422 56 -0.816 -0.032 104.962 0 0.0 0.0 0.0
39468 56 -0.815 -0.029 104.963 0 0.0 0.0 0.0
39546 56 -0.809 -0.025 104.965 0 0.0 0.0 0.0
39593 56 -0.809 -0.02 104.967 0 0.0 0.0 0.0
39671 56 -0.809 -0.019 104.97 0 0.0 0.0 0.0
39734 56 -0.806 -0.018 104.971 0 0.0 0.0 0.0
39796 56 -0.806 -0.014 104.974 0 0.0 0.0 0.0
39858 56 -0.801 -0.01 104.977 0 0.0 0.0 0.0
39936 56 -0.8 -0.0070 104.98 0 0.0 0.0 0.0
39983 56 -0.802 -0.0060 104.983 0 0.0 0.0 0.0
40061 56 -0.812 -0.0070 104.985 0 0.0 0.0 0.0
40124 56 -0.819 -0.0030 104.987 0 0.0 0.0 0.0
40186 56 -0.817 0.0010 104.988 0 0.0 0.0 0.0
40248 56 -0.819 0.0030 104.989 0 0.0 0.0 0.0
40326 56 -0.817 -0.0020 104.992 0 0.0 0.0 0.0
40373 56 -0.814 -0.0090 104.997 0 0.0 0.0 0.0
40451 56 -0.822 -0.0090 104.999 0 0.0 0.0 0.0
40514 56 -0.819 -0.012 105.001 0 0.0 0.0 0.0
40576 56 -0.814 -0.015 105.001 0 0.0 0.0 0.0
40638 56 -0.811 -0.014 105.001 0 0.0 0.0 0.0
40716 56 -0.823 -0.012 105.002 0 0.0 0.0 0.0
40779 56 -0.834 -0.011 105.003 0 0.0 0.0 0.0
40841 56 -0.838 -0.013 105.006 0 0.0 0.0 0.0
40904 56 -0.847 -0.01 105.01 0 0.0 0.0 0.0
40966 56 -0.857 -0.01 105.013 0 0.0 0.0 0.0
41028 56 -0.864 -0.0090 105.016 0 0.0 0.0 0.0
41106 56 -0.867 -0.0070 105.019 0 0.0 0.0 0.0
41153 56 -0.872 -0.0050 105.025 0 0.0 0.0 0.0
41231 56 -0.879 -0.0030 105.028 0 0.0 0.0 0.0
41294 56 -0.876 -0.0030 105.032 0 0.0 0.0 0.0
41372 56 -0.879 -0.0020 105.035 0 0.0 0.0 0.0
41418 56 -0.877 -0.0050 105.033 0 0.0 0.0 0.0
41496 56 -0.878 -0.0060 105.034 0 0.0 0.0 0.0
41543 56 -0.873 -0.0020 105.032 0 0.0 0.0 0.0
41621 56 -0.879 -0.0010 105.03 0 0.0 0.0 0.0
41684 56 -0.879 0.0010 105.028 0 0.0 0.0 0.0
41746 56 -0.877 0.0040 105.026 0 0.0 0.0 0.0
41808 56 -0.887 0.0090 105.024 0 0.0 0.0 0.0
41886 56 -0.887 0.0090 105.021 0 0.0 0.0 0.0
41933 56 -0.88 0.0 105.02 0 0.0 0.0 0.0
42011 56 -0.889 0.0020 105.018 0 0.0 0.0 0.0
42058 56 -0.892 0.0050 105.016 0 0.0 0.0 0.0
42136 56 -0.884 0.0010 105.015 0 0.0 0.0 0.0
42198 56 -0.892 0.0010 105.012 0 0.0 0.0 0.0
42276 56 -0.885 -0.011 105.01 0 0.0 0.0 0.0
42323 56 -0.881 -0.011 105.009 0 0.0 0.0 0.0
42401 56 -0.881 -0.01 105.008 0 0.0 0.0 0.0
42464 56 -0.884 -0.014 105.009 0 0.0 0.0 0.0
42526 56 -0.889 -0.013 105.007 0 0.0 0.0 0.0
42588 56 -0.898 -0.014 105.007 0 0.0 0.0 0.0
42666 56 -0.907 -0.01 105.005 0 0.0 0.0 0.0
42744 56 -0.905 -0.0060 105.003 0 0.0 0.0 0.0
